Dis1	Dis2	Distance
211	333	0.123571704675688
211	359	0.171603514260491
211	299	0.0777679708733592
211	558	0.235289596755002
176	211	0.0609827910661187
211	579	0.284629882507882
185	211	0.382780070729739
211	414	0.0457849789437189
211	516	0.0612502068001661
211	493	0.206617367371935
153	211	0.333241417657566
174	211	0.27748497008992
211	296	0.228099398432121
162	211	0.103444997589198
211	556	0.052081810597374
211	555	0.106187338715029
211	758	0.0570517466306993
211	332	0.174192522878893
193	211	0.0931564690799816
211	569	0.127227200881229
211	340	0.0365956639896969
211	742	0.236512919767736
211	309	0.241451553210367
191	211	0.118333871665514
42	211	0.0845907918175062
211	416	0.0533201325131084
305	759	0.303188682670249
42	759	0.190245432370084
193	759	0.127323919640526
493	759	0.161383047371682
204	759	0.213483589643748
174	759	0.263777132753846
569	759	0.0400688014815052
162	759	0.146544614642564
295	759	0.134520338581615
530	759	0.055625466799472
332	759	0.141355154386245
211	759	0.0695954087459099
155	759	0.279737572607531
335	759	1
758	759	0.27520834081675
335	742	0.180974095112396
299	335	0.283214132402501
332	335	0.0418950752883642
88	335	0.0339717352460359
333	335	0.345428301045922
176	335	0.119317250994449
335	555	0.249452949632681
295	335	0.143267200870227
335	530	0.0991678701772684
335	556	0.205651373590295
335	714	0.34522025358268
335	516	0.0923278359684655
335	359	0.163438501503629
335	496	0.420711784598243
334	335	0.106788401399306
296	335	0.46176626123744
191	335	0.331161796079115
335	569	0.0670896291273224
335	758	0.190907227581037
335	371	0.169857703654529
191	493	0.0736205788208605
176	493	0.0572154756240843
305	493	0.316191427041969
193	493	0.246548382944792
295	493	0.0507256320783939
42	493	0.0993053536878626
493	555	0.0672016455427588
359	493	0.0909953904040789
334	493	0.117354075908102
299	493	0.0962752015576267
162	493	0.120917022822905
340	493	0.0837252552232511
493	758	0.0812519258679786
174	493	0.169951945408054
493	579	0.144797531974283
204	493	0.0708242615408083
153	493	0.0387316913264808
493	569	0.222183274601177
493	556	0.0549076222245204
332	493	0.135948569236901
493	710	0.0411171529230178
493	530	0.0966242640949659
185	493	0.0459646285773077
155	493	0.0239974840077595
299	555	0.0386388158012925
299	333	0.294484072154615
299	556	0.10069585900581
193	299	0.0678826996924974
191	299	0.263758319286596
299	414	0.652656924691845
299	579	0.114425386532252
299	340	0.15889204788491
162	299	0.176307790500033
295	299	0.395575307548095
299	516	0.159587866439446
174	299	0.0466849175748754
299	332	0.125730731768236
299	530	0.0550625973890849
88	299	0.0388594731887803
155	299	0.124943923441187
299	758	0.292787716571054
299	742	0.477862796661627
176	299	0.0762280257173042
153	299	0.158453008378164
191	296	0.475288020140625
88	296	0.0716275668843519
296	555	0.0773793332721995
296	332	0.199368593788838
296	333	0.572997515738532
296	556	0.0979156272327032
296	742	0.409834528679535
295	296	0.460706289556612
174	296	0.0281386186265272
176	296	0.0855878253047966
296	530	0.0540241423079254
296	496	0.248808145634486
296	758	0.582647385984427
88	556	0.0809731605871544
88	333	0.0323097544183556
88	555	0.0195429120846185
88	714	0.215566996687519
88	176	0.0553126345265877
88	496	0.0681200344209093
88	359	0.0271998718997043
88	416	0.212621785168495
88	309	0.0713793493794913
88	425	0.0545013331295981
88	371	0.0854089023149813
88	185	0.0343707381861246
88	340	0.0317180647555069
88	211	0.0298021248544385
88	414	0.0440731377347658
88	579	0.0258293829645406
153	174	0.0739638500520972
174	359	0.206896308582072
42	174	0.0216443245720177
174	191	0.120076610051537
174	758	0.0842172370047669
174	558	0.191789964971913
155	174	0.238210230102655
162	174	0.448050473890204
174	309	0.228926366951646
174	193	0.215826214570519
174	176	0.18086459750182
174	710	0.0853359279906309
174	204	0.0644277941103639
174	516	0.0857161178132382
174	579	0.0910678505343182
174	185	0.0570682261322214
174	295	0.0381706053615923
174	371	0.0248837894138608
174	530	0.0608258824439271
174	742	0.119699324630663
425	496	0.301717535314428
414	425	0.0829159547554407
425	714	0.25538238157777
425	556	0.115723835913678
371	425	0.139365472674912
425	555	0.229498846646227
359	425	0.151689664226352
335	425	0.25956873323824
204	425	0.112660918311476
425	758	0.0621561661752114
155	425	0.0284187450745446
425	530	0.0722492993050944
334	425	0.0547972411852803
305	425	0.0735784988644349
296	425	0.118599358194204
425	759	0.118341695848013
333	425	0.0354652719797942
42	425	0.0922212677043513
204	309	0.175610698764346
204	211	0.0458622217206009
193	204	0.0565820212095775
204	758	0.0981435022027838
155	204	0.0469710041321888
162	204	0.052303152105164
204	332	0.0884094299373755
42	204	0.0661987825975542
153	204	0.0805480635575182
204	359	0.101106071210253
204	305	0.155053533500157
496	555	0.20233172474693
42	496	0.038541635420503
496	516	0.156164520199449
496	556	0.260557241606834
496	710	0.0714405107353362
496	714	0.219460511406092
295	496	0.0260876210707063
334	496	0.241741944480012
333	496	0.0266459850643748
496	569	0.209476962932263
153	496	0.0391580663990945
414	496	0.0598042344139491
371	496	0.301943625519361
416	496	0.0874699480255107
496	758	0.059800181579086
176	496	0.0570957374781373
359	496	0.0620210448686176
496	530	0.0260463470088576
305	496	0.0417757719541639
162	579	0.0546206500667214
569	579	0.0608203303511547
340	579	0.126656257311833
185	579	0.123719872991158
42	579	0.114381369995281
305	579	0.485408517361588
333	579	0.0956975776636181
332	579	0.16516066483396
556	579	0.0674936991841604
579	710	0.270621351607101
193	579	0.0978938674729952
516	579	0.17897440008621
359	579	0.253710865751813
309	579	0.0918459453027904
558	579	0.28652075435497
191	579	0.0437051969651584
579	742	0.155063745885143
153	569	0.219489681139027
153	558	0.373279441109616
153	516	0.0394765349900309
153	176	0.103369719340856
153	193	0.0715842790271237
153	185	0.118017462526622
153	556	0.212676105288095
153	359	0.141226913468733
153	332	0.0629380121259674
42	153	0.18233873195359
153	162	0.148217186086381
153	555	0.23252843214799
153	191	0.0839371835352564
153	530	0.0932051337216222
153	295	0.121325699269758
153	155	0.122037936209924
153	305	0.0992438314960359
153	414	0.115352757550321
153	335	0.0806187821324447
153	334	0.0548202159643509
153	309	0.0703607638997076
340	555	0.123662689350178
555	710	0.0589090579615655
555	556	0.807674701509312
333	555	0.0905673051201077
295	555	0.044030534793182
555	558	0.189955091744999
191	555	0.109090963771991
555	714	0.0972544731841452
305	555	0.0215437432328848
530	555	0.102819808258485
42	555	0.115214076219235
414	555	0.0815932431797722
555	758	0.0392269917416157
371	555	0.0405298843086081
193	555	0.071221065393515
359	555	0.0410495829455154
416	555	0.0246700802284448
555	569	0.743839583877246
334	555	0.0452314900789155
332	555	0.031413415445758
176	555	0.281009093137232
579	758	0.24467904227501
530	758	0.0892474272508774
556	758	0.0573959819780281
340	758	0.278851473591392
334	758	0.06155364218005
359	758	0.277565821802685
305	758	0.0876097039484357
332	758	0.126311411479389
516	758	0.0256712324561504
42	758	0.128002787098998
569	758	0.110906820935699
530	714	0.0733398452184337
191	530	0.0957762052643585
530	558	0.244251593477568
334	530	0.0292080650880926
333	530	0.0658892927284493
193	530	0.030762052559667
309	530	0.193165827622673
155	530	0.0454558432664816
176	530	0.240001412678502
530	556	0.121838780957456
371	530	0.0524461070115132
530	742	0.0698878735046064
340	530	0.0274754781544948
530	569	0.0688927153266375
162	530	0.0463788442580288
295	530	0.0588838094634437
42	530	0.0522766225092624
359	530	0.0289269981832149
359	569	0.0740364955568806
333	359	0.0452348372977103
191	359	0.0675003017196746
295	359	0.154894792782055
162	359	0.135179667673859
305	359	0.102008532775017
332	359	0.0660098432441204
359	516	0.20987754817242
193	359	0.10607894646496
359	742	0.12931601502133
155	359	0.0384454254099904
162	742	0.156884772791029
710	742	0.201389772110801
155	742	0.0779858593698785
558	742	0.119158228938953
295	742	0.160799849481862
371	742	0.046919836668566
176	742	0.093132884285086
332	742	0.180694085812369
556	742	0.0884064560472678
416	742	0.0549169811762128
191	742	0.340028105328377
516	742	0.182618304025817
333	742	0.328076644648292
714	742	0.116818481175485
185	742	0.27479794067918
334	742	0.0340383128291452
309	742	0.0849086984359692
414	742	0.16489597513145
340	742	0.064673981018124
569	742	0.0364238216217149
416	556	0.0284753377552219
334	416	0.055708351000289
295	416	0.158846513930694
416	569	0.080339498793091
332	416	0.0535132510099152
416	516	0.182753788235684
305	416	0.146132016205561
193	416	0.0772141577741347
176	416	0.0541251126081879
334	710	0.165889893583653
334	516	0.101516092103781
334	371	0.167906788813916
299	334	0.0566777938986754
204	334	0.0535020942771621
193	334	0.105454314438329
305	334	0.0682335469709121
334	569	0.141633278544701
334	558	0.0989917569737862
155	334	0.0496816308908783
42	334	0.0628261181950938
334	556	0.120719679202096
176	334	0.0643974989867139
162	334	0.0350450583907919
295	334	0.0305325333452316
191	332	0.493882212454172
191	333	0.52307505335746
191	558	0.0763662499434112
191	569	0.162332382804629
162	191	0.118921618425991
191	516	0.135047979073398
191	193	0.109600997115665
155	191	0.0527596454544902
191	309	0.0871807435197042
185	191	0.0480195746049492
191	340	0.255761857532343
191	414	0.104655080047601
176	191	0.178145422140301
191	556	0.154765231962615
191	714	0.0220722635068668
191	295	0.141925260599513
191	710	0.131123436779414
191	334	0.0238326642683996
42	305	0.136328057953633
42	556	0.0681084319530883
42	176	0.0879515124224166
42	569	0.0355136242852889
42	558	0.292440741004407
333	414	0.139890573138006
332	333	0.624379413356767
295	333	0.32981011423361
333	340	0.4120615589717
176	333	0.0546296015110408
333	556	0.223005535953984
333	516	0.0349982926796229
185	333	0.0351435245089065
333	371	0.17725049022273
333	714	0.146961340142462
211	305	0.272309377038593
155	211	0.0709664629390766
211	710	0.159186064055413
516	556	0.0424692861254228
193	516	0.0355093894864017
295	516	0.0373595127580634
371	516	0.025608469994926
516	710	0.120081675528005
414	516	0.0528247549941152
155	516	0.141788729873313
516	555	0.0220198735867755
185	516	0.266170456608199
516	558	0.127335369806572
340	516	0.112934825380878
162	516	0.400916116648233
176	516	0.0407605357650072
516	569	0.065350760689115
332	414	0.181100272865322
193	414	0.13884999234484
155	414	0.0348763998557664
414	579	0.371905308191153
340	414	0.180320635167926
414	569	0.157401803240781
359	414	1
414	416	0.296857298060559
414	556	0.169501175064954
295	414	0.247899441606641
335	414	0.122431721351545
305	414	0.0764607739765336
176	414	0.144002220427634
176	359	0.0624473408374566
176	579	0.0547166474887167
176	558	0.211890563824858
176	371	0.107554716576235
176	193	0.207930800367643
176	710	0.0932268618684572
176	309	0.0375442358804218
176	185	0.117003790642573
176	569	0.261896979382185
155	176	0.150299018278214
176	556	0.295023077687694
176	295	0.0440965324748343
176	340	0.0775739716576349
176	714	0.108974919509848
162	176	0.0385927645009285
211	371	0.0443015588358387
155	371	0.0358516046213562
371	579	0.235549321310803
371	556	0.244969704587229
193	371	0.0977389309312883
305	371	0.202761674973971
371	493	0.0438571891573141
162	371	0.0934273073906672
155	332	0.0261265777054673
155	193	0.106059180866488
155	558	0.115692416676764
155	556	0.0310060401359606
155	162	0.422994760512344
155	569	0.117567946514431
155	305	0.0641515930237514
155	295	0.0725034243194389
155	185	0.104505097203578
162	193	0.213128604461956
162	332	0.038567443371131
162	710	0.0534170113114078
162	309	0.114732841075756
162	558	0.174631520806812
162	340	0.0269423957228686
162	185	0.137554191560728
162	295	0.160882767231113
556	558	0.224782315571642
558	569	0.105503038430257
305	558	0.0893174081228992
193	558	0.0725551221030455
332	340	0.388490687275049
335	340	0.0900342821780099
340	359	0.109054883128708
193	340	0.0964042027535802
295	340	0.180555212373407
340	556	0.135849935170094
340	569	0.161825617677995
305	340	0.20784688819542
340	496	0.0267719670673145
296	340	0.100844198331847
359	556	0.0313412737691424
42	359	0.491421631347349
174	332	0.0195449203000556
305	332	0.257217988859085
193	332	0.221809006421032
332	569	0.152078924180161
185	332	0.0861828146607338
332	371	0.0381066716771449
295	332	0.367941631292915
332	710	0.065704210306485
332	516	0.0332947539843364
309	332	0.053486196380093
309	340	0.0746452138395098
309	493	0.0587097345031845
296	309	0.496388028895769
309	333	0.0712282565833937
309	555	0.0393729414403601
309	714	0.158171890995523
155	309	0.0640823804513971
309	569	0.111361220794878
309	759	0.472367501401921
185	295	0.14476116085792
185	193	0.186597333605189
185	556	0.0444061541765139
185	359	0.857142857142857
185	558	0.87831006565368
185	296	0.80952380952381
185	371	0.80952380952381
185	309	0.80952380952381
185	335	0.745454545454545
185	569	0.0343614336989243
556	714	0.227206129424417
299	714	0.0871286612014027
296	714	0.551141042350601
371	714	0.652595201425311
359	714	0.0974521259250723
516	714	0.0262708700953611
295	569	0.0814590206380794
295	425	0.0920340401546289
295	714	0.154083686984889
211	295	0.11545615819889
193	295	0.0461294634914251
295	556	0.150997638281031
295	371	0.0681127285183326
295	710	0.0823538793581671
295	579	0.0886349645173524
193	710	0.147356328839016
569	710	0.196066047369109
556	710	0.0829339728922244
305	710	0.208010160943498
42	710	0.190145405049278
153	710	0.0856146565230538
185	710	1
359	710	0.465415019762846
299	710	0.526108488793881
309	710	0.486166007905138
710	758	0.463295154035356
193	305	0.234901482526549
305	569	0.133272715786761
176	305	0.0347600298013396
305	556	0.0228652277485176
193	569	0.241612002060361
193	758	0.0541809877061767
193	556	0.055646196910924
333	569	0.0251524887250477
556	569	0.606928053094274
371	569	0.0361216800747487
